21.0
20.5
25.0
15.0
17.5
19.0
19.5
21.5
22.0
21.0
22.0
19.0
18.5
35.5
24.0
17.5
19.0
18.5
21.0
18.5
18.5
52.0
21.0
20.5
20.0
20.0
14.5
23.0
34.0
52.0
21.0
18.0
20.0
19.0
18.0
17.0
15.5
20.0
21.0
19.0
21.5
23.0
7.0
24.0
22.5
18.5
27.5
25.0
25.5
22.5
23.5
27.0
16.5
20.0
52.0
25.0
19.0
18.5
18.5
18.5
18.5
18.0
29.0
19.5
19.0
18.0
18.5
17.5
27.5
22.5
18.0
19.5
23.0
20.5
19.0
21.5
19.5
17.5
18.5
17.5
17.5
16.5
18.0
19.0
16.0
7.0
19.5
18.5
20.0
26.5
24.0
25.0
30.0
24.5
24.5
18.0
19.5
28.5
25.5
22.0
15.0
18.0
22.0
19.0
24.0
17.0
19.0
21.5
26.0
22.5
17.5
17.0
19.5
22.5
19.0
18.5
17.5
38.5
24.5
21.5
20.0
21.5
19.0
16.0
22.0
52.0
21.0
17.5
17.5
20.0
20.0
21.0
26.5
21.0
20.5
21.5
22.0
22.5
18.0
16.5
15.0
16.5
25.0
34.5
23.0
26.5
21.5
16.0
28.0
23.0
19.0
23.5
21.5
27.0
18.0
22.0
21.0
20.5
19.5
21.5
17.0
18.5
17.5
24.0
24.5
21.5
17.5
18.0
18.5
18.5
21.5
17.5
19.0
17.5
18.0
26.5
17.5
17.5
18.0
19.5
20.0
32.5
24.0
17.0
25.0
22.5
22.5
17.5
22.5
33.5
18.0
19.5
19.5
21.0
20.0
20.0
22.0
18.5
19.5
17.5
18.5
18.0
21.5
19.0
20.5
25.5
19.0
15.5
20.0
20.0
26.5
18.5
19.0
17.0
18.5
24.0
20.0
31.0
20.0
20.0
